p1 p2 p3 p4 p5 b1 b2 b3 b4, s1 s2 s3 s4 s5
000000000 22222
000000001 22222
000000010 22222
000000011 22222
000000100 22222
000000101 22222
000000110 22222
000000111 22222
000001000 22222
000001001 22222
000001010 22222
000001011 22222
000001100 22222
000001101 22222
000001110 22222
000001111 22222
000010000 22222
000010001 01101
000010010 01010
000010011 00001
000010100 00001
000010101 00001
000010110 00001
000010111 00111
000011000 10100
000011001 00011
000011010 00010
000011011 00001
000011100 00001
000011101 22222
000011110 22222
000011111 22222
000100000 22222
000100001 00010
000100010 00010
000100011 00010
000100100 00010
000100101 01001
000100110 01110
000100111 01111
000101000 01100
000101001 00001
000101010 00100
000101011 00010
000101100 00010
000101101 22222
000101110 22222
000101111 22222
000110000 22222
000110001 00101
000110010 10010
000110011 00011
000110100 00011
000110101 00011
000110110 00011
000110111 00011
000111000 00011
000111001 00100
000111010 00001
000111011 10011
000111100 01000
000111101 22222
000111110 22222
000111111 22222
001000000 22222
001000001 00100
001000010 00100
001000011 00100
001000100 00100
001000101 10001
001000110 00110
001000111 00100
001001000 00100
001001001 00010
001001010 00011
001001011 01011
001001100 10000
001001101 22222
001001110 22222
001001111 22222
001010000 22222
001010001 10101
001010010 00011
001010011 00101
001010100 00101
001010101 00101
001010110 00101
001010111 00110
001011000 01101
001011001 01011
001011010 00111
001011011 00101
001011100 00101
001011101 22222
001011110 22222
001011111 22222
001100000 22222
001100001 00110
001100010 00110
001100011 00110
001100100 00110
001100101 00100
001100110 10110
001100111 01110
001101000 00101
001101001 01100
001101010 01000
001101011 00110
001101100 00110
001101101 22222
001101110 22222
001101111 22222
001110000 22222
001110001 00111
001110010 00111
001110011 00111
001110100 00111
001110101 01000
001110110 01111
001110111 10110
001111000 00001
001111001 00101
001111010 01001
001111011 00111
001111100 00111
001111101 22222
001111110 22222
001111111 22222
010000000 22222
010000001 01000
010000010 01000
010000011 01000
010000100 01000
010000101 10000
010000110 00111
010000111 01000
010001000 01000
010001001 00110
010001010 01010
010001011 00011
010001100 11000
010001101 22222
010001110 22222
010001111 22222
010010000 22222
010010001 01001
010010010 01001
010010011 01001
010010100 01001
010010101 11000
010010110 00010
010010111 01001
010011000 01001
010011001 00111
010011010 01011
010011011 01010
010011100 10001
010011101 22222
010011110 22222
010011111 22222
010100000 22222
010100001 00001
010100010 10111
010100011 01010
010100100 01010
010100101 01010
010100110 01010
010100111 01010
010101000 01010
010101001 01000
010101010 01100
010101011 10010
010101100 01001
010101101 22222
010101110 22222
010101111 22222
010110000 22222
010110001 01100
010110010 10011
010110011 01011
010110100 01011
010110101 01011
010110110 01011
010110111 01011
010111000 01011
010111001 01001
010111010 00101
010111011 10111
010111100 00100
010111101 22222
010111110 22222
010111111 22222
011000000 22222
011000001 10100
011000010 01011
011000011 01100
011000100 01100
011000101 01100
011000110 01100
011000111 00010
011001000 10101
011001001 01010
011001010 00110
011001011 01100
011001100 01100
011001101 22222
011001110 22222
011001111 22222
011010000 22222
011010001 10111
011010010 00001
011010011 01111
011010100 10011
011010101 01101
011010110 01101
011010111 00101
011011000 01110
011011001 01101
011011010 01101
011011011 01101
011011100 01101
011011101 22222
011011110 22222
011011111 22222
011100000 22222
011100001 01110
011100010 01110
011100011 10000
011100100 10100
011100101 00010
011100110 11000
011100111 01101
011101000 00110
011101001 01110
011101010 01110
011101011 01110
011101100 01110
011101101 22222
011101110 22222
011101111 22222
011110000 22222
011110001 01111
011110010 01111
011110011 10001
011110100 01101
011110101 00111
011110110 10000
011110111 10101
011111000 00010
011111001 01111
011111010 01111
011111011 01111
011111100 01111
011111101 22222
011111110 22222
011111111 22222
100000000 22222
100000001 10000
100000010 10000
100000011 10010
100000100 01110
100000101 01111
100000110 01000
100000111 10000
100001000 10000
100001001 10000
100001010 10000
100001011 00100
100001100 10111
100001101 22222
100001110 22222
100001111 22222
100010000 22222
100010001 10001
100010010 10001
100010011 10011
100010100 01111
100010101 10110
100010110 00100
100010111 10001
100011000 10001
100011001 10001
100011010 10001
100011011 01001
100011100 10010
100011101 22222
100011110 22222
100011111 22222
100100000 22222
100100001 00011
100100010 10101
100100011 10100
100100100 10000
100100101 10010
100100110 10010
100100111 10010
100101000 10010
100101001 10010
100101010 10010
100101011 10001
100101100 01010
100101101 22222
100101110 22222
100101111 22222
100110000 22222
100110001 01011
100110010 10100
100110011 01101
100110100 10001
100110101 10011
100110110 10011
100110111 10011
100111000 10011
100111001 10011
100111010 10011
100111011 11000
100111100 00011
100111101 22222
100111110 22222
100111111 22222
101000000 22222
101000001 10011
101000010 01100
101000011 01110
101000100 10010
101000101 10100
101000110 10100
101000111 00001
101001000 10110
101001001 10100
101001010 10100
101001011 10100
101001100 10100
101001101 22222
101001110 22222
101001111 22222
101010000 22222
101010001 10010
101010010 00101
101010011 10110
101010100 10111
101010101 10101
101010110 10101
101010111 01100
101011000 01111
101011001 10101
101011010 10101
101011011 10101
101011100 10101
101011101 22222
101011110 22222
101011111 22222
101100000 22222
101100001 10110
101100010 10110
101100011 11000
101100100 10101
101100101 00110
101100110 10001
101100111 10100
101101000 00111
101101001 10110
101101010 10110
101101011 10110
101101100 10110
101101101 22222
101101110 22222
101101111 22222
101110000 22222
101110001 01010
101110010 01101
101110011 10101
101110100 11000
101110101 10111
101110110 10111
101110111 10111
101111000 10111
101111001 10111
101111010 10111
101111011 10000
101111100 01011
101111101 22222
101111110 22222
101111111 22222
110000000 22222
110000001 11000
110000010 11000
110000011 10111
110000100 10110
110000101 01110
110000110 01001
110000111 11000
110001000 11000
110001001 11000
110001010 11000
110001011 01000
110001100 10011
110001101 22222
110001110 22222
110001111 22222
110010000 22222
110010001 22222
110010010 22222
110010011 22222
110010100 22222
110010101 22222
110010110 22222
110010111 22222
110011000 22222
110011001 22222
110011010 22222
110011011 22222
110011100 22222
110011101 22222
110011110 22222
110011111 22222
110100000 22222
110100001 22222
110100010 22222
110100011 22222
110100100 22222
110100101 22222
110100110 22222
110100111 22222
110101000 22222
110101001 22222
110101010 22222
110101011 22222
110101100 22222
110101101 22222
110101110 22222
110101111 22222
110110000 22222
110110001 22222
110110010 22222
110110011 22222
110110100 22222
110110101 22222
110110110 22222
110110111 22222
110111000 22222
110111001 22222
110111010 22222
110111011 22222
110111100 22222
110111101 22222
110111110 22222
110111111 22222
111000000 22222
111000001 22222
111000010 22222
111000011 22222
111000100 22222
111000101 22222
111000110 22222
111000111 22222
111001000 22222
111001001 22222
111001010 22222
111001011 22222
111001100 22222
111001101 22222
111001110 22222
111001111 22222
111010000 22222
111010001 22222
111010010 22222
111010011 22222
111010100 22222
111010101 22222
111010110 22222
111010111 22222
111011000 22222
111011001 22222
111011010 22222
111011011 22222
111011100 22222
111011101 22222
111011110 22222
111011111 22222
111100000 22222
111100001 22222
111100010 22222
111100011 22222
111100100 22222
111100101 22222
111100110 22222
111100111 22222
111101000 22222
111101001 22222
111101010 22222
111101011 22222
111101100 22222
111101101 22222
111101110 22222
111101111 22222
111110000 22222
111110001 22222
111110010 22222
111110011 22222
111110100 22222
111110101 22222
111110110 22222
111110111 22222
111111000 22222
111111001 22222
111111010 22222
111111011 22222
111111100 22222
111111101 22222
111111110 22222
111111111 22222
