p1 p2 p3 p4 p5 b1 b2 b3 b4
000000000 22222
000000001 22222
000000010 22222
000000011 22222
000000100 22222
000000101 22222
000000110 22222
000000111 22222
000001000 22222
000001001 22222
000001010 22222
000001011 22222
000001100 22222
000001101 22222
000001110 22222
000001111 22222
000010000 22222
000010001 00001
000010010 00001
000010011 00001
000010100 00001
000010101 00001
000010110 00001
000010111 00011
000011000 00016
000011001 00002
000011010 00003
000011011 00001
000011100 00001
000011101 22222
000011110 22222
000011111 22222
000100000 22222
000100001 00009
000100010 00014
000100011 00002
000100100 00002
000100101 00002
000100110 00002
000100111 00002
000101000 00002
000101001 00004
000101010 00001
000101011 00002
000101100 00002
000101101 22222
000101110 22222
000101111 22222
000110000 22222
000110001 00003
000110010 00003
000110011 00003
000110100 00003
000110101 00013
000110110 00010
000110111 00003
000111000 00003
000111001 00001
000111010 00004
000111011 00003
000111100 00003
000111101 22222
000111110 22222
000111111 22222
001000000 22222
001000001 00004
001000010 00004
001000011 00004
001000100 00004
001000101 00004
001000110 00004
001000111 00004
001001000 00004
001001001 00003
001001010 00002
001001011 00015
001001100 00012
001001101 22222
001001110 22222
001001111 22222
001010000 22222
001010001 00005
001010010 00005
001010011 00005
001010100 00005
001010101 00005
001010110 00005
001010111 00010
001011000 00009
001011001 00008
001011010 00006
001011011 00005
001011100 00005
001011101 22222
001011110 22222
001011111 22222
001100000 22222
001100001 00006
001100010 00006
001100011 00006
001100100 00006
001100101 00012
001100110 00011
001100111 00006
001101000 00006
001101001 00005
001101010 00007
001101011 00006
001101100 00006
001101101 22222
001101110 22222
001101111 22222
001110000 22222
001110001 00007
001110010 00007
001110011 00007
001110100 00007
001110101 00007
001110110 00007
001110111 00007
001111000 00007
001111001 00006
001111010 00008
001111011 00014
001111100 00013
001111101 22222
001111110 22222
001111111 22222
010000000 22222
010000001 00016
010000010 00015
010000011 00008
010000100 00008
010000101 00008
010000110 00008
010000111 00008
010001000 00008
010001001 00007
010001010 00005
010001011 00008
010001100 00008
010001101 22222
010001110 22222
010001111 22222
010010000 22222
010010001 00022
010010010 00002
010010011 00009
010010100 00009
010010101 00009
010010110 00009
010010111 00005
010011000 00017
010011001 00009
010011010 00009
010011011 00009
010011100 00009
010011101 22222
010011110 22222
010011111 22222
010100000 22222
010100001 00010
010100010 00010
010100011 00010
010100100 00010
010100101 00003
010100110 00023
010100111 00017
010101000 00005
010101001 00010
010101010 00010
010101011 00010
010101100 00010
010101101 22222
010101110 22222
010101111 22222
010110000 22222
010110001 00011
010110010 00011
010110011 00011
010110100 00011
010110101 00006
010110110 00018
010110111 00021
010111000 00001
010111001 00011
010111010 00011
010111011 00011
010111100 00011
010111101 22222
010111110 22222
010111111 22222
011000000 22222
011000001 00012
011000010 00012
011000011 00012
011000100 00012
011000101 00018
011000110 00006
011000111 00012
011001000 00012
011001001 00012
011001010 00012
011001011 00004
011001100 00024
011001101 22222
011001110 22222
011001111 22222
011010000 22222
011010001 00013
011010010 00013
011010011 00013
011010100 00013
011010101 00023
011010110 00003
011010111 00013
011011000 00013
011011001 00013
011011010 00013
011011011 00007
011011100 00019
011011101 22222
011011110 22222
011011111 22222
011100000 22222
011100001 00002
011100010 00022
011100011 00014
011100100 00014
011100101 00014
011100110 00014
011100111 00014
011101000 00014
011101001 00014
011101010 00014
011101011 00019
011101100 00007
011101101 22222
011101110 22222
011101111 22222
011110000 22222
011110001 00008
011110010 00020
011110011 00015
011110100 00015
011110101 00015
011110110 00015
011110111 00015
011111000 00015
011111001 00015
011111010 00015
011111011 00024
011111100 00004
011111101 22222
011111110 22222
011111111 22222
100000000 22222
100000001 00020
100000010 00008
100000011 00016
100000100 00016
100000101 00016
100000110 00016
100000111 00001
100001000 00021
100001001 00016
100001010 00016
100001011 00016
100001100 00016
100001101 22222
100001110 22222
100001111 22222
100010000 22222
100010001 00017
100010010 00017
100010011 00018
100010100 00020
100010101 00017
100010110 00017
100010111 00009
100011000 00010
100011001 00017
100011010 00017
100011011 00017
100011100 00017
100011101 22222
100011110 22222
100011111 22222
100100000 22222
100100001 00018
100100010 00018
100100011 00019
100100100 00017
100100101 00011
100100110 00012
100100111 00018
100101000 00018
100101001 00018
100101010 00018
100101011 00018
100101100 00018
100101101 22222
100101110 22222
100101111 22222
100110000 22222
100110001 00019
100110010 00019
100110011 00020
100110100 00018
100110101 00019
100110110 00019
100110111 00019
100111000 00019
100111001 00019
100111010 00019
100111011 00013
100111100 00014
100111101 22222
100111110 22222
100111111 22222
101000000 22222
101000001 00015
101000010 00016
101000011 00017
101000100 00019
101000101 00020
101000110 00020
101000111 00020
101001000 00020
101001001 00020
101001010 00020
101001011 00020
101001100 00020
101001101 22222
101001110 22222
101001111 22222
101010000 22222
101010001 00021
101010010 00021
101010011 00023
101010100 00022
101010101 00021
101010110 00021
101010111 00016
101011000 00011
101011001 00021
101011010 00021
101011011 00021
101011100 00021
101011101 22222
101011110 22222
101011111 22222
101100000 22222
101100001 00014
101100010 00009
101100011 00021
101100100 00024
101100101 00022
101100110 00022
101100111 00022
101101000 00022
101101001 00022
101101010 00022
101101011 00022
101101100 00022
101101101 22222
101101110 22222
101101111 22222
101110000 22222
101110001 00023
101110010 00023
101110011 00024
101110100 00021
101110101 00010
101110110 00013
101110111 00023
101111000 00023
101111001 00023
101111010 00023
101111011 00023
101111100 00023
101111101 22222
101111110 22222
101111111 22222
110000000 22222
110000001 00024
110000010 00024
110000011 00022
110000100 00023
110000101 00024
110000110 00024
110000111 00024
110001000 00024
110001001 00024
110001010 00024
110001011 00012
110001100 00015
110001101 22222
110001110 22222
110001111 22222
110010000 22222
110010001 22222
110010010 22222
110010011 22222
110010100 22222
110010101 22222
110010110 22222
110010111 22222
110011000 22222
110011001 22222
110011010 22222
110011011 22222
110011100 22222
110011101 22222
110011110 22222
110011111 22222
110100000 22222
110100001 22222
110100010 22222
110100011 22222
110100100 22222
110100101 22222
110100110 22222
110100111 22222
110101000 22222
110101001 22222
110101010 22222
110101011 22222
110101100 22222
110101101 22222
110101110 22222
110101111 22222
110110000 22222
110110001 22222
110110010 22222
110110011 22222
110110100 22222
110110101 22222
110110110 22222
110110111 22222
110111000 22222
110111001 22222
110111010 22222
110111011 22222
110111100 22222
110111101 22222
110111110 22222
110111111 22222
111000000 22222
111000001 22222
111000010 22222
111000011 22222
111000100 22222
111000101 22222
111000110 22222
111000111 22222
111001000 22222
111001001 22222
111001010 22222
111001011 22222
111001100 22222
111001101 22222
111001110 22222
111001111 22222
111010000 22222
111010001 22222
111010010 22222
111010011 22222
111010100 22222
111010101 22222
111010110 22222
111010111 22222
111011000 22222
111011001 22222
111011010 22222
111011011 22222
111011100 22222
111011101 22222
111011110 22222
111011111 22222
111100000 22222
111100001 22222
111100010 22222
111100011 22222
111100100 22222
111100101 22222
111100110 22222
111100111 22222
111101000 22222
111101001 22222
111101010 22222
111101011 22222
111101100 22222
111101101 22222
111101110 22222
111101111 22222
111110000 22222
111110001 22222
111110010 22222
111110011 22222
111110100 22222
111110101 22222
111110110 22222
111110111 22222
111111000 22222
111111001 22222
111111010 22222
111111011 22222
111111100 22222
111111101 22222
111111110 22222
111111111 22222
