p1 p2 p3 p4 p5 b1 b2 b3 b4
000000000 22222
000000001 22222
000000010 22222
000000011 22222
000000100 22222
000000101 22222
000000110 22222
000000111 22222
000001000 22222
000001001 22222
000001010 22222
000001011 22222
000001100 22222
000001101 22222
000001110 22222
000001111 22222
000010000 22222
000010001 00013
000010010 00010
000010011 00001
000010100 00001
000010101 00001
000010110 00001
000010111 00007
000011000 00020
000011001 00003
000011010 00002
000011011 00001
000011100 00001
000011101 22222
000011110 22222
000011111 22222
000100000 22222
000100001 00002
000100010 00002
000100011 00002
000100100 00002
000100101 00009
000100110 00014
000100111 00015
000101000 00012
000101001 00001
000101010 00004
000101011 00002
000101100 00002
000101101 22222
000101110 22222
000101111 22222
000110000 22222
000110001 00005
000110010 00018
000110011 00003
000110100 00003
000110101 00003
000110110 00003
000110111 00003
000111000 00003
000111001 00004
000111010 00001
000111011 00019
000111100 00008
000111101 22222
000111110 22222
000111111 22222
001000000 22222
001000001 00004
001000010 00004
001000011 00004
001000100 00004
001000101 00017
001000110 00006
001000111 00004
001001000 00004
001001001 00002
001001010 00003
001001011 00011
001001100 00016
001001101 22222
001001110 22222
001001111 22222
001010000 22222
001010001 00021
001010010 00003
001010011 00005
001010100 00005
001010101 00005
001010110 00005
001010111 00006
001011000 00013
001011001 00011
001011010 00007
001011011 00005
001011100 00005
001011101 22222
001011110 22222
001011111 22222
001100000 22222
001100001 00006
001100010 00006
001100011 00006
001100100 00006
001100101 00004
001100110 00022
001100111 00014
001101000 00005
001101001 00012
001101010 00008
001101011 00006
001101100 00006
001101101 22222
001101110 22222
001101111 22222
001110000 22222
001110001 00007
001110010 00007
001110011 00007
001110100 00007
001110101 00008
001110110 00015
001110111 00022
001111000 00001
001111001 00005
001111010 00009
001111011 00007
001111100 00007
001111101 22222
001111110 22222
001111111 22222
010000000 22222
010000001 00008
010000010 00008
010000011 00008
010000100 00008
010000101 00016
010000110 00007
010000111 00008
010001000 00008
010001001 00006
010001010 00010
010001011 00003
010001100 00024
010001101 22222
010001110 22222
010001111 22222
010010000 22222
010010001 00009
010010010 00009
010010011 00009
010010100 00009
010010101 00024
010010110 00002
010010111 00009
010011000 00009
010011001 00007
010011010 00011
010011011 00010
010011100 00017
010011101 22222
010011110 22222
010011111 22222
010100000 22222
010100001 00001
010100010 00023
010100011 00010
010100100 00010
010100101 00010
010100110 00010
010100111 00010
010101000 00010
010101001 00008
010101010 00012
010101011 00018
010101100 00009
010101101 22222
010101110 22222
010101111 22222
010110000 22222
010110001 00012
010110010 00019
010110011 00011
010110100 00011
010110101 00011
010110110 00011
010110111 00011
010111000 00011
010111001 00009
010111010 00005
010111011 00023
010111100 00004
010111101 22222
010111110 22222
010111111 22222
011000000 22222
011000001 00020
011000010 00011
011000011 00012
011000100 00012
011000101 00012
011000110 00012
011000111 00002
011001000 00021
011001001 00010
011001010 00006
011001011 00012
011001100 00012
011001101 22222
011001110 22222
011001111 22222
011010000 22222
011010001 00023
011010010 00001
011010011 00015
011010100 00019
011010101 00013
011010110 00013
011010111 00005
011011000 00014
011011001 00013
011011010 00013
011011011 00013
011011100 00013
011011101 22222
011011110 22222
011011111 22222
011100000 22222
011100001 00014
011100010 00014
011100011 00016
011100100 00020
011100101 00002
011100110 00024
011100111 00013
011101000 00006
011101001 00014
011101010 00014
011101011 00014
011101100 00014
011101101 22222
011101110 22222
011101111 22222
011110000 22222
011110001 00015
011110010 00015
011110011 00017
011110100 00013
011110101 00007
011110110 00016
011110111 00021
011111000 00002
011111001 00015
011111010 00015
011111011 00015
011111100 00015
011111101 22222
011111110 22222
011111111 22222
100000000 22222
100000001 00016
100000010 00016
100000011 00018
100000100 00014
100000101 00015
100000110 00008
100000111 00016
100001000 00016
100001001 00016
100001010 00016
100001011 00004
100001100 00023
100001101 22222
100001110 22222
100001111 22222
100010000 22222
100010001 00017
100010010 00017
100010011 00019
100010100 00015
100010101 00022
100010110 00004
100010111 00017
100011000 00017
100011001 00017
100011010 00017
100011011 00009
100011100 00018
100011101 22222
100011110 22222
100011111 22222
100100000 22222
100100001 00003
100100010 00021
100100011 00020
100100100 00016
100100101 00018
100100110 00018
100100111 00018
100101000 00018
100101001 00018
100101010 00018
100101011 00017
100101100 00010
100101101 22222
100101110 22222
100101111 22222
100110000 22222
100110001 00011
100110010 00020
100110011 00013
100110100 00017
100110101 00019
100110110 00019
100110111 00019
100111000 00019
100111001 00019
100111010 00019
100111011 00024
100111100 00003
100111101 22222
100111110 22222
100111111 22222
101000000 22222
101000001 00019
101000010 00012
101000011 00014
101000100 00018
101000101 00020
101000110 00020
101000111 00001
101001000 00022
101001001 00020
101001010 00020
101001011 00020
101001100 00020
101001101 22222
101001110 22222
101001111 22222
101010000 22222
101010001 00018
101010010 00005
101010011 00022
101010100 00023
101010101 00021
101010110 00021
101010111 00012
101011000 00015
101011001 00021
101011010 00021
101011011 00021
101011100 00021
101011101 22222
101011110 22222
101011111 22222
101100000 22222
101100001 00022
101100010 00022
101100011 00024
101100100 00021
101100101 00006
101100110 00017
101100111 00020
101101000 00007
101101001 00022
101101010 00022
101101011 00022
101101100 00022
101101101 22222
101101110 22222
101101111 22222
101110000 22222
101110001 00010
101110010 00013
101110011 00021
101110100 00024
101110101 00023
101110110 00023
101110111 00023
101111000 00023
101111001 00023
101111010 00023
101111011 00016
101111100 00011
101111101 22222
101111110 22222
101111111 22222
110000000 22222
110000001 00024
110000010 00024
110000011 00023
110000100 00022
110000101 00014
110000110 00009
110000111 00024
110001000 00024
110001001 00024
110001010 00024
110001011 00008
110001100 00019
110001101 22222
110001110 22222
110001111 22222
110010000 22222
110010001 22222
110010010 22222
110010011 22222
110010100 22222
110010101 22222
110010110 22222
110010111 22222
110011000 22222
110011001 22222
110011010 22222
110011011 22222
110011100 22222
110011101 22222
110011110 22222
110011111 22222
110100000 22222
110100001 22222
110100010 22222
110100011 22222
110100100 22222
110100101 22222
110100110 22222
110100111 22222
110101000 22222
110101001 22222
110101010 22222
110101011 22222
110101100 22222
110101101 22222
110101110 22222
110101111 22222
110110000 22222
110110001 22222
110110010 22222
110110011 22222
110110100 22222
110110101 22222
110110110 22222
110110111 22222
110111000 22222
110111001 22222
110111010 22222
110111011 22222
110111100 22222
110111101 22222
110111110 22222
110111111 22222
111000000 22222
111000001 22222
111000010 22222
111000011 22222
111000100 22222
111000101 22222
111000110 22222
111000111 22222
111001000 22222
111001001 22222
111001010 22222
111001011 22222
111001100 22222
111001101 22222
111001110 22222
111001111 22222
111010000 22222
111010001 22222
111010010 22222
111010011 22222
111010100 22222
111010101 22222
111010110 22222
111010111 22222
111011000 22222
111011001 22222
111011010 22222
111011011 22222
111011100 22222
111011101 22222
111011110 22222
111011111 22222
111100000 22222
111100001 22222
111100010 22222
111100011 22222
111100100 22222
111100101 22222
111100110 22222
111100111 22222
111101000 22222
111101001 22222
111101010 22222
111101011 22222
111101100 22222
111101101 22222
111101110 22222
111101111 22222
111110000 22222
111110001 22222
111110010 22222
111110011 22222
111110100 22222
111110101 22222
111110110 22222
111110111 22222
111111000 22222
111111001 22222
111111010 22222
111111011 22222
111111100 22222
111111101 22222
111111110 22222
111111111 22222
